<svg width="532" height="218" viewBox="0 0 532 218" fill="none" xmlns="http://www.w3.org/2000/svg">
<g opacity="0.4">
<path d="M136.699 10.1402C136.699 10.1435 136.696 10.1462 136.693 10.1465C110.491 12.224 83.3896 14.3707 56.6186 15.3171C41.019 15.8712 22.5749 16.2059 4.02835 14.4284C2.91245 14.3219 1.79654 14.1993 0.67395 14.0604C0.328766 14.0177 0.0232241 14.2863 0.0232241 14.6341C0.0232241 14.9253 0.240265 15.1709 0.529358 15.2059C1.66879 15.3439 2.806 15.472 3.92593 15.5826C22.5294 17.3602 41.0304 17.0255 56.6641 16.4714C83.4599 15.5134 110.574 13.3664 136.79 11.2888C171.084 8.57622 206.55 5.75977 241.686 5.59817C260.006 5.51675 277.186 3.90057 293.856 1.177C294.592 1.05677 294.502 0.0230555 293.757 0.0230554C293.724 0.0230554 293.691 0.0257429 293.658 0.031093C277.038 2.75032 259.93 4.36318 241.686 4.4439C206.506 4.60549 171.019 7.42163 136.704 10.134C136.701 10.1343 136.699 10.137 136.699 10.1402Z" fill="white"/>
<path d="M-nan -nanL234.902 20.754C226.892 20.5001 219.109 20.327 211.77 20.2346C182.301 19.8422 152.376 21.1811 123.43 22.4739C105.736 23.2703 87.4287 24.0783 69.4511 24.4939C47.6732 24.9902 26.5665 23.7205 6.73425 20.7309C4.77036 20.43 2.76965 20.0638 0.723939 19.6574C0.366364 19.5864 0.0324712 19.8596 0.0324712 20.2241C0.0324712 20.4988 0.226105 20.7355 0.495453 20.7893C2.56375 21.2021 4.58414 21.5729 6.57495 21.8737C26.4641 24.8863 47.639 26.156 69.4853 25.6481C87.4742 25.2326 105.782 24.4131 123.486 23.6282C152.41 22.3354 182.335 20.9965 211.759 21.3889C219.086 21.4813 226.858 21.6659 234.868 21.9083C269.443 22.9952 303.877 19.74 356.808 1.12985C357.413 0.917145 357.275 0.0233648 356.634 0.0233647C356.569 0.0233647 356.504 0.0345609 356.443 0.0562836C317.882 13.7151 281.402 22.1957 234.902 20.754L-nan -nanZ" fill="white"/>
<path d="M227.076 37.9855C222.149 37.6854 216.96 37.443 211.931 37.2122C209.473 37.0967 207.016 36.9813 204.558 36.8659C164.063 34.8459 119.187 34.0725 63.3427 34.4304C45.8429 34.5112 27.0575 32.2372 2.2984 26.9276C1.77802 26.8156 1.24671 26.6925 0.712037 26.5661C0.348695 26.4801 -2.93867e-05 26.7552 -2.94193e-05 27.1286C-2.94427e-05 27.3964 0.184022 27.6292 0.444825 27.6901C0.985749 27.8164 1.53308 27.9411 2.05945 28.0588C26.8981 33.38 45.7747 35.6885 63.3427 35.5846C119.164 35.2268 164.017 35.9886 204.49 38.0086C206.936 38.1356 209.405 38.251 211.863 38.3664C216.881 38.5973 222.069 38.8397 226.985 39.1398C278.46 42.291 315.45 31.7409 361.942 12.4531C371.472 8.50232 380.993 4.73141 390.369 1.14887C390.965 0.92094 390.802 0.0331228 390.164 0.0331227C390.093 0.0331227 390.024 0.0459668 389.958 0.0710675C380.58 3.66096 371.045 7.42284 361.509 11.3796C315.166 30.6097 278.312 41.1251 227.053 37.9855L227.076 37.9855Z" fill="white"/>
<path d="M356.122 25.7288C356.125 25.7351 356.122 25.7428 356.116 25.7457C350.794 28.1913 345.337 30.8325 340.073 33.3816C323.608 41.3576 306.586 49.5991 289.075 54.2277C267.058 60.0453 242.277 57.8752 220.419 55.9591L218.758 55.8091C215.97 55.5667 213.023 55.3936 210.156 55.232C205.707 54.978 201.11 54.7241 196.843 54.17C150.704 48.1909 102.37 44.8204 57.0501 44.4164C38.6174 44.2548 19.9002 39.5108 1.7974 34.9283L0.728213 34.6589C0.364168 34.5672 0.0109885 34.8424 0.0109884 35.2178C0.0109884 35.4819 0.190523 35.7122 0.446688 35.7767L1.52429 36.0479C19.684 40.6535 38.4695 45.4091 57.0387 45.5707C102.313 45.9631 150.602 49.3336 196.695 55.3128C201.008 55.8668 205.627 56.1323 210.087 56.3862C212.943 56.5478 215.89 56.721 218.655 56.9518L220.317 57.1019C242.265 59.0295 267.149 61.1996 289.348 55.3359C306.962 50.6841 324.041 42.408 340.55 34.4089C345.819 31.858 351.269 29.2147 356.582 26.7676L358.938 25.6826C377.088 17.3352 395.611 8.81975 414.507 1.10845C415.09 0.870827 414.92 0.000118053 414.291 0.000117998C414.217 0.000117991 414.144 0.0144841 414.075 0.0424382C395.166 7.75339 376.632 16.2791 358.471 24.6323L356.128 25.7119C356.121 25.7148 356.118 25.7225 356.122 25.7288Z" fill="white"/>
<path d="M351.57 38.8822C351.567 38.8788 351.562 38.8779 351.558 38.8801C345.507 41.9379 339.274 45.2955 333.257 48.5377C315.462 58.1181 297.063 68.0333 278.095 73.4007C257.819 79.1374 234.687 76.5749 214.275 74.3125L210.531 73.897C207.368 73.5507 204.023 73.2621 200.792 72.9736C196.969 72.6388 193.009 72.2926 189.152 71.8424C172.767 69.9378 155.882 67.3061 139.554 64.7552C110.414 60.2073 80.2961 55.4979 51.1451 54.6322C38.1511 54.2513 25.5895 50.7192 13.4376 47.3141C9.28778 46.1441 5.0257 44.9638 0.738345 43.881C0.374881 43.7892 0.022647 44.0643 0.022647 44.4392C0.022647 44.7041 0.203219 44.9348 0.460238 44.999C4.73892 46.0681 8.99353 47.2613 13.1418 48.4222C25.362 51.8504 37.9918 55.394 51.1223 55.7865C80.1937 56.6522 110.289 61.3501 139.395 65.8979C155.734 68.4488 172.631 71.0921 189.038 72.9967C192.907 73.4468 196.866 73.7931 200.701 74.1278C204.08 74.428 207.266 74.705 210.418 75.0513L214.161 75.4668C234.676 77.7407 257.922 80.3147 278.403 74.5203C297.495 69.1183 315.951 59.18 333.792 49.5765C339.811 46.333 346.035 42.9856 352.077 39.9268C357.925 36.9719 363.774 33.9592 369.622 30.9466C389.78 20.5781 410.44 9.9544 431.735 1.14671C432.309 0.909118 432.14 0.0467375 431.518 0.0467374C431.444 0.0467374 431.371 0.0613019 431.302 0.0896451C409.97 8.91137 389.285 19.5361 369.11 29.9193C363.264 32.9307 357.418 35.9306 351.583 38.8843C351.579 38.8865 351.574 38.8856 351.57 38.8822Z" fill="white"/>
<path d="M348.275 50.5563C341.71 54.1692 334.917 58.1398 328.363 61.9836C309.009 73.3185 288.995 85.0459 268.263 91.5214C248.647 97.6505 227.359 94.9149 206.764 92.2716L202.975 91.7869C200.131 91.429 197.24 91.1289 194.202 90.8173C190.266 90.4133 186.192 89.9977 182.244 89.4206C164.209 86.8235 145.652 82.645 127.708 78.5935C100.901 72.5451 73.1835 66.3005 46.2284 65.077C36.83 64.6499 27.6933 61.7065 18.8524 58.867C12.9278 56.9638 6.8657 55.0176 0.717075 53.8253C0.361393 53.7564 0.0327491 54.03 0.032749 54.3924C0.032749 54.6712 0.231296 54.9103 0.505009 54.9636C6.60218 56.1499 12.6323 58.0732 18.5111 59.9636C27.4202 62.8262 36.6366 65.7926 46.1829 66.2313C73.0469 67.4548 100.707 73.6879 127.469 79.7247C145.435 83.7762 164.016 87.9662 182.085 90.5633C186.056 91.1405 190.14 91.556 194.089 91.96C197.127 92.2716 200.005 92.5717 202.839 92.9296L206.628 93.4144C226.369 95.9538 248.75 98.8279 268.605 92.6295C289.461 86.1078 309.532 74.3574 328.944 62.9878C335.497 59.1556 342.268 55.1849 348.833 51.572C357.093 47.0358 365.502 42.234 373.637 37.5938C396.285 24.6755 419.567 11.4241 443.761 1.13616C444.338 0.890884 444.163 0.0222853 443.537 0.0222852C443.46 0.0222852 443.384 0.0377423 443.313 0.0678098C419.059 10.3691 395.757 23.6462 373.08 36.578C364.956 41.2182 356.547 46.0084 348.298 50.5447L348.275 50.5563Z" fill="white"/>
<path d="M346.616 60.6725C346.616 60.6761 346.614 60.6794 346.611 60.6813C340.07 64.5357 333.37 68.6669 326.897 72.6481C305.45 85.8299 283.285 99.4618 260.084 108.246C241.231 115.379 220.682 112.447 200.804 109.608L196.73 109.031C194.057 108.65 191.371 108.338 188.515 107.992C184.658 107.53 180.664 107.057 176.75 106.434C157.464 103.363 137.814 97.6035 118.812 92.0399C93.7232 84.6872 67.7694 77.0805 42.9193 75.8454C35.3869 75.4645 27.4677 72.9136 19.8215 70.4319C13.5175 68.3895 7.05399 66.3147 0.677739 65.3866C0.331517 65.3362 0.0234112 65.6062 0.0234112 65.9561C0.0234111 66.2455 0.237095 66.49 0.523411 66.5317C6.80417 67.4483 13.2174 69.516 19.4688 71.54C27.1946 74.0332 35.1707 76.6188 42.851 76.9997C67.576 78.2348 93.4615 85.8183 118.494 93.148C137.529 98.7231 157.214 104.494 176.568 107.576C180.505 108.2 184.51 108.684 188.379 109.135C191.223 109.469 193.909 109.793 196.571 110.162L200.633 110.739C220.647 113.602 241.344 116.557 260.471 109.319C283.774 100.501 305.996 86.8341 327.478 73.6292C333.952 69.647 340.654 65.5263 347.185 61.671C357.368 55.6572 367.723 49.2164 377.747 42.9833C401.607 28.1447 426.141 12.9155 451.774 1.12427C452.334 0.866844 452.151 0.0213545 451.535 0.0213544C451.452 0.0213544 451.371 0.0391538 451.296 0.0736081C425.6 11.8976 401.048 27.1571 377.155 42.0022C367.144 48.2227 356.792 54.6625 346.621 60.6638C346.618 60.6657 346.616 60.669 346.616 60.6725Z" fill="white"/>
<path d="M346.83 69.2437C346.833 69.2437 346.834 69.248 346.832 69.2498C341.009 72.8954 335.05 76.7024 329.285 80.394C305.163 95.815 280.222 111.756 254.211 123.056C234.037 131.817 212.897 128.423 192.45 125.134C189.81 124.706 187.045 124.349 184.383 123.991C180.799 123.518 177.101 123.033 173.437 122.375C154.583 118.981 135.354 112.136 116.75 105.511C91.8662 96.6577 66.14 87.4927 41.9044 87.0195C35.9308 86.9041 29.138 84.9072 21.9469 82.7948C14.7048 80.6749 7.26926 78.5005 0.600896 78.3475C0.281071 78.3402 0.0210616 78.5996 0.0210616 78.9195C0.0210615 79.237 0.27744 79.4945 0.594945 79.5019C7.11103 79.6551 14.4663 81.8063 21.6283 83.903C28.899 86.0384 35.7601 88.0468 41.8816 88.1738C65.9352 88.6355 90.4326 97.3618 116.364 106.596C135.013 113.233 154.287 120.101 173.232 123.506C176.919 124.175 180.628 124.66 184.223 125.134C187 125.503 189.628 125.849 192.256 126.265C212.862 129.577 234.174 132.994 254.643 124.106C280.745 112.771 305.72 96.7962 329.876 81.3636C335.645 77.6815 341.607 73.8608 347.422 70.2249C359.585 62.6067 371.919 54.3883 383.843 46.4469C407.611 30.6122 432.036 14.3623 457.527 1.12022C458.065 0.840652 457.866 0.0220946 457.26 0.0220945C457.167 0.0220945 457.076 0.0443113 456.994 0.0869596C431.45 13.3493 407.005 29.6319 383.217 45.4773C371.296 53.4166 358.977 61.6328 346.828 69.2377C346.825 69.2395 346.827 69.2437 346.83 69.2437Z" fill="white"/>
<path d="M349.135 76.3664C349.137 76.3664 349.137 76.3686 349.136 76.3695C343.835 79.8428 338.512 83.3854 333.166 86.9279C306.689 104.507 279.312 122.687 250.628 136.1C230.727 145.403 212.522 143.303 190.79 139.586C188.548 139.205 186.284 138.87 183.997 138.524C180.424 137.993 176.738 137.45 173.051 136.7C154.527 132.949 135.765 125.631 117.616 118.567C93.2327 109.067 68.0185 99.244 44.0332 98.5399C39.0267 98.3898 33.1783 96.9932 26.9772 95.5157C17.7909 93.3303 8.33085 91.0671 0.487584 92.6164C0.221623 92.669 0.0334822 92.9041 0.0334822 93.1752C0.0334822 93.546 0.378239 93.8202 0.74207 93.749C8.3433 92.2608 17.6685 94.4752 26.7155 96.6353C32.9621 98.1243 38.8674 99.5326 43.9876 99.6826C67.7909 100.387 91.7877 109.736 117.195 119.64C135.389 126.727 154.197 134.057 172.812 137.831C176.533 138.582 180.231 139.136 183.815 139.667C186.091 140.001 188.355 140.336 190.585 140.717C212.511 144.468 230.898 146.581 251.094 137.15C279.859 123.703 307.28 105.5 333.78 87.8975C339.128 84.3424 344.453 80.8103 349.755 77.3359C364.41 67.7324 379.179 57.344 393.459 47.3018C415.963 31.4746 439.051 15.2523 463.008 1.10783C463.512 0.810074 463.302 0.0344084 462.716 0.0344084C462.613 0.0344084 462.512 0.0618742 462.424 0.114059C438.43 14.2813 415.32 30.5138 392.81 46.3553C378.544 56.3964 363.776 66.7721 349.134 76.3632C349.133 76.3642 349.133 76.3664 349.135 76.3664Z" fill="white"/>
<path d="M-nan -nanL353.635 82.2526C345.693 87.6315 337.785 93.3567 329.41 99.4051C289.029 128.62 243.266 161.724 192.45 151.567C190.493 151.174 188.536 150.816 186.557 150.458C183.189 149.847 179.707 149.212 176.168 148.392C158.077 144.168 139.803 137.023 122.133 130.109C98.3296 120.805 73.7299 111.179 50.0631 109.078C46.1831 108.732 41.7798 107.797 37.1375 106.815C25.9754 104.449 13.3342 101.76 3.5944 106.527C2.4683 107.071 1.3714 107.695 0.276676 108.379C0.110447 108.483 0.0102579 108.666 0.0102579 108.862C0.0102579 109.319 0.521122 109.593 0.907963 109.349C1.9495 108.692 3.00629 108.094 4.08365 107.566C13.4707 102.972 25.9185 105.603 36.8985 107.935C41.5863 108.928 46.0125 109.874 49.9607 110.221C73.4568 112.31 97.9883 121.902 121.723 131.182C139.428 138.108 157.735 145.264 175.906 149.512C179.468 150.343 182.972 150.978 186.352 151.59C188.32 151.948 190.277 152.305 192.234 152.698C243.539 162.971 289.507 129.705 330.07 100.352C338.433 94.3032 346.33 88.5896 354.26 83.2106C372.739 70.6983 391.194 57.1818 409.047 44.1155C428.776 29.6732 448.992 14.8797 469.705 1.07303C470.177 0.758667 469.955 0.0223082 469.388 0.0223082C469.275 0.0223082 469.165 0.0556791 469.071 0.118286C448.344 13.9306 428.116 28.7279 408.387 43.1805C390.546 56.2469 372.09 69.7518 353.635 82.2526L-nan -nanZ" fill="white"/>
<path d="M360.361 87.2265C352.407 92.7093 344.34 98.6769 335.784 105.002C294.253 135.706 247.181 170.507 196.673 160.765C195.206 160.488 193.749 160.211 192.293 159.946C188.845 159.311 185.272 158.664 181.609 157.787C163.381 153.47 145.164 146.256 127.562 139.273C105.215 130.419 82.1059 121.266 59.4063 118.357C56.8917 118.034 54.3429 117.642 51.6349 117.214C37.9241 115.079 22.3815 112.655 9.86539 120.781C6.48026 122.98 3.25968 125.635 0.171329 128.626C0.0619537 128.732 0.000430282 128.878 0.000430268 129.03C0.000430224 129.533 0.611606 129.787 0.972842 129.436C4.0008 126.498 7.1604 123.909 10.4684 121.762C22.6318 113.867 37.9469 116.256 51.4529 118.369C54.1609 118.796 56.721 119.188 59.247 119.511C81.81 122.397 104.84 131.527 127.13 140.358C144.777 147.353 163.017 154.578 181.335 158.918C185.033 159.796 188.618 160.453 192.077 161.088C193.533 161.354 194.989 161.619 196.446 161.908C247.443 171.742 294.72 136.791 336.432 105.949C344.977 99.6349 353.045 93.6674 360.975 88.1961C387.782 69.7047 414.294 49.5626 439.929 30.0901C452.552 20.5056 465.429 10.7275 478.418 1.07776C478.861 0.748566 478.628 0.044403 478.076 0.0444029C477.953 0.0444029 477.833 0.0839537 477.735 0.157226C464.735 9.80502 451.861 19.5889 439.246 29.1667C413.622 48.6392 387.122 68.7697 360.338 87.2381L360.361 87.2265Z" fill="white"/>
<path d="M360.251 96.8195C360.248 96.8195 360.244 96.8206 360.241 96.8227C327.519 118.961 293.693 141.848 258.262 159.981C238.259 170.231 223.65 172.424 202.429 168.407C201.462 168.223 200.506 168.05 199.551 167.865C195.898 167.184 192.439 166.549 188.684 165.637C170.4 161.205 152.399 154.083 135.002 147.203C114.328 139.031 92.9479 130.57 71.1927 126.704C54.1936 123.679 32.6888 121.809 17.2029 134.264C11.074 139.188 5.42652 145.1 0.149416 151.594C0.0668657 151.696 0.0218218 151.823 0.0218218 151.954C0.0218217 152.494 0.704836 152.734 1.04575 152.314C6.27091 145.889 11.8542 140.039 17.9084 135.176C25.8618 128.781 39.0719 122.179 70.9993 127.858C92.6521 131.702 113.975 140.139 134.592 148.3C152.035 155.191 170.07 162.324 188.434 166.78C192.212 167.692 195.841 168.373 199.357 169.019C200.313 169.192 201.269 169.377 202.236 169.55C223.729 173.625 238.533 171.397 258.786 161.02C294.275 142.852 328.136 119.94 360.883 97.7891L369.519 91.9485C413.075 62.5404 453.841 30.5714 489.791 1.04945C490.208 0.707245 489.963 0.0338134 489.424 0.0338133C489.291 0.0338133 489.162 0.0795286 489.06 0.16391C453.132 29.6655 412.408 61.5997 368.893 90.9789L360.262 96.8163C360.259 96.8184 360.255 96.8195 360.251 96.8195Z" fill="white"/>
<path d="M370.385 99.8452C370.388 99.8452 370.39 99.8496 370.387 99.8514C336.323 122.138 301.111 145.175 264.579 164.103C245.35 174.076 230.854 178.717 209.36 174.723L207.835 174.446C204.183 173.776 200.724 173.13 196.981 172.206C178.707 167.659 160.616 160.629 143.127 153.83C124.046 146.408 104.305 138.744 84.5067 134.404C79.2727 133.261 74.2322 132.719 69.3509 132.719C41.1043 132.719 18.6464 150.853 0.134674 174.267C0.0552371 174.368 0.0119021 174.492 0.0119021 174.62C0.011902 175.163 0.701233 175.398 1.03766 174.973C22.5194 147.796 49.3259 127.878 84.2564 135.524C103.964 139.841 123.659 147.505 142.706 154.904C160.24 161.714 178.354 168.767 196.708 173.326C200.485 174.273 203.956 174.907 207.631 175.588L209.155 175.865C230.956 179.905 245.634 175.219 265.091 165.131C301.672 146.178 336.91 123.115 370.999 100.815L376.393 97.2827C425.925 64.8924 467.798 33.2146 503.558 1.01796C503.947 0.667343 503.697 0.0238341 503.173 0.0238341C503.031 0.0238341 502.895 0.0758513 502.79 0.170532C467.075 32.3242 425.255 63.9619 375.778 96.3131L370.383 99.839C370.38 99.8408 370.382 99.8452 370.385 99.8452Z" fill="white"/>
<path d="M378.099 105.262C378.093 105.253 378.08 105.25 378.07 105.256C343.634 126.745 308.026 148.972 271.439 167.668C251.573 177.814 238.01 183.712 217.154 180.019L216.892 179.973C213.24 179.326 209.803 178.714 206.083 177.802C188.082 173.37 170.275 166.548 153.049 159.946C135.31 153.147 116.98 146.129 98.5241 141.766C71.3984 135.348 44.1589 146.199 17.5679 174.028C11.3644 180.516 5.56494 187.551 0.135987 194.804C0.0623781 194.902 0.0227052 195.021 0.0227052 195.144C0.0227052 195.693 0.724426 195.925 1.05316 195.485C6.448 188.275 12.2166 181.28 18.3872 174.836C44.6709 147.33 71.5463 136.572 98.2738 142.897C116.65 147.249 134.957 154.255 152.65 161.042C169.911 167.656 187.752 174.49 205.821 178.945C209.576 179.869 213.046 180.48 216.71 181.138L216.972 181.185C238.169 184.947 251.891 178.98 271.963 168.73C308.601 150.008 344.237 127.776 378.702 106.261L381.501 104.518C422.756 78.7746 474.469 44.3438 518.706 1.04465C519.071 0.687302 518.818 0.0678252 518.307 0.0678252C518.158 0.0678252 518.014 0.12648 517.907 0.231018C473.762 43.4511 422.115 77.8288 380.909 103.537L378.128 105.269C378.118 105.275 378.105 105.272 378.099 105.262Z" fill="white"/>
<path d="M384.129 112.587C377.564 116.326 371.01 120.089 364.445 123.852C336.397 139.943 307.394 156.576 278.038 171.154L276.582 171.882C258.923 180.666 244.973 187.591 225.471 184.521C221.898 183.955 218.894 183.47 215.583 182.709C197.321 178.553 179.23 171.847 161.741 165.36C145.664 159.392 129.04 153.228 112.405 149.108C83.8799 142.044 54.342 154.175 24.622 185.156C15.6082 194.553 7.4057 204.83 0.115662 215.077C0.0473635 215.173 0.0108644 215.288 0.0108644 215.405C0.0108644 215.959 0.724793 216.186 1.04596 215.735C8.29974 205.541 16.4606 195.316 25.4299 185.964C54.854 155.295 84.0165 143.267 112.132 150.227C128.699 154.325 145.3 160.489 161.343 166.433C178.865 172.932 196.991 179.65 215.321 183.817C218.667 184.579 221.682 185.075 225.277 185.64C245.144 188.769 259.23 181.762 277.071 172.897L278.528 172.17C307.918 157.58 336.932 140.936 365.002 124.845C371.567 121.082 378.121 117.319 384.687 113.591C445.56 78.9281 494.487 40.1907 531.728 0.0220642C494.566 40.1099 444.912 77.9815 384.129 112.587Z" fill="white"/>
</g>
</svg>
